WorkRaveStats 4
D 14 7 114 19 35 14 7 114 23 19
B 0 7 8 4 2 0 1 7 292 
B 1 7 0 0 2 0 0 0 0 
B 2 7 0 0 0 0 0 0 0 
m 6 1528 244858 135272 215 528 814 
D 15 7 114 9 58 15 7 114 23 22
B 0 7 11 11 148 0 0 11 33 
B 1 7 1 1 40 0 0 1 0 
B 2 7 0 0 0 0 0 0 0 
m 6 8188 1209358 688713 2315 1590 4902 
D 16 7 114 10 16 16 7 114 23 8
B 0 7 30 25 200 2 0 27 237 
B 1 7 3 2 23 1 0 3 38 
B 2 7 0 0 0 0 0 0 0 
m 6 13413 1971616 1152744 1749 3038 9464 
D 17 7 114 8 3 17 7 114 22 3
B 0 7 23 23 229 0 0 23 151 
B 1 7 5 2 38 0 2 4 295 
B 2 7 1 0 0 0 1 1 244 
m 6 14675 2337393 1437409 4049 2408 9886 
D 18 7 114 8 13 19 7 114 0 40
B 0 7 35 34 170 0 0 34 71 
B 1 7 7 5 31 1 1 6 266 
B 2 7 0 0 0 0 0 0 0 
m 6 13241 1464878 905408 2744 1732 12222 
D 19 7 114 16 14 20 7 114 0 27
B 0 7 30 29 155 0 0 29 133 
B 1 7 7 4 23 2 0 6 149 
B 2 7 0 0 0 0 0 0 0 
m 6 12732 1560840 928663 2571 1749 11218 
D 20 7 114 8 22 20 7 114 23 9
B 0 7 14 13 152 0 0 14 36 
B 1 7 2 2 25 0 0 2 14 
B 2 7 0 0 0 0 0 0 0 
m 6 8754 1594849 998981 2678 1728 3421 
D 21 7 114 16 6 21 7 114 22 29
B 0 7 11 11 129 0 0 11 22 
B 1 7 0 0 23 0 0 0 0 
B 2 7 0 0 0 0 0 0 0 
m 6 7460 1682484 1042445 2756 1624 2326 
D 22 7 114 16 8 23 7 114 0 27
B 0 7 31 31 142 0 0 31 98 
B 1 7 6 5 24 1 0 6 29 
B 2 7 0 0 0 0 0 0 0 
m 6 13437 1498100 1050526 2285 10243 9872 
D 23 7 114 13 10 24 7 114 2 19
B 0 7 91 68 209 0 0 90 355 
B 1 7 16 7 27 8 0 15 234 
B 2 7 1 0 0 1 0 1 14562 
m 6 28999 1683475 1257879 2921 10987 41972 
D 24 7 114 13 50 25 7 114 0 42
B 0 7 24 11 300 0 0 24 75 
B 1 7 7 5 25 2 0 7 41 
B 2 7 2 0 0 1 0 1 2435 
m 6 16858 1501072 1154126 2470 8701 14075 
D 25 7 114 15 50 25 7 114 23 4
B 0 7 17 5 158 0 0 17 37 
B 1 7 2 1 24 1 0 2 22 
B 2 7 0 0 0 0 0 0 0 
m 6 10228 1412487 1066542 2009 5699 7355 
D 26 7 114 14 45 27 7 114 1 29
B 0 7 25 11 189 0 0 25 134 
B 1 7 8 6 23 0 0 6 388 
B 2 7 1 0 0 1 0 1 4 
m 6 14427 1022617 741627 1540 5447 19718 
D 27 7 114 7 55 27 7 114 23 22
B 0 7 49 19 222 0 0 48 154 
B 1 7 10 9 19 1 0 10 96 
B 2 7 1 0 0 1 0 1 5752 
m 6 20170 1079350 868050 1880 7083 32344 
D 28 7 114 9 39 29 7 114 1 31
B 0 7 15 3 302 0 0 13 81 
B 1 7 10 6 28 1 2 10 506 
B 2 7 2 0 0 1 0 1 1951 
m 6 16388 1035383 711383 1520 3958 20907 
D 29 7 114 10 4 30 7 114 1 35
B 0 7 22 10 252 0 0 22 79 
B 1 7 5 5 24 0 0 4 5 
B 2 7 1 0 0 0 0 1 378 
m 6 14814 1765845 1292965 2733 10476 10373 
D 30 7 114 9 12 31 7 114 0 19
B 0 7 49 23 422 0 0 48 258 
B 1 7 18 12 29 1 0 13 1020 
B 2 7 1 0 0 1 0 1 14828 
m 6 29229 2994625 2103556 4232 13450 31281 
D 31 7 114 11 39 31 7 114 15 37
B 0 7 10 3 125 0 0 10 15 
B 1 7 3 3 13 0 0 3 0 
B 2 7 0 0 0 0 0 0 0 
m 6 7488 664839 508091 9 2968 8053 
D 7 8 114 19 17 8 8 114 0 38
B 0 7 23 23 97 0 0 23 82 
B 1 7 6 2 8 3 0 5 226 
B 2 7 0 0 0 0 0 0 0 
m 6 9536 1359817 810376 1670 4863 17433 
D 8 8 114 8 34 9 8 114 0 46
B 0 7 22 22 134 0 0 22 109 
B 1 7 2 1 31 1 0 2 13 
B 2 7 0 0 0 0 0 0 0 
m 6 9059 1501328 964886 2069 5171 5965 
D 9 8 114 8 12 9 8 114 22 40
B 0 7 39 38 131 0 0 38 122 
B 1 7 8 3 21 1 0 4 772 
B 2 7 0 0 0 0 0 0 0 
m 6 13327 2188567 1560547 2643 9459 9342 
D 10 8 114 8 34 11 8 114 0 5
B 0 7 39 39 125 0 0 39 233 
B 1 7 8 6 17 1 0 8 17 
B 2 7 1 0 0 1 0 1 460 
m 6 14872 1823676 1271393 2767 10401 18249 
D 11 8 114 9 15 12 8 114 1 18
B 0 7 16 16 153 0 0 16 58 
B 1 7 2 2 27 0 0 2 9 
B 2 7 0 0 0 0 0 0 0 
m 6 8126 1313382 862208 1768 7731 2975 
D 12 8 114 10 0 13 8 114 1 13
B 0 7 19 18 90 0 0 19 82 
B 1 7 2 2 25 0 0 2 22 
B 2 7 0 0 0 0 0 0 0 
m 6 7237 1145421 785469 1570 4590 4110 
D 13 8 114 11 32 14 8 114 1 16
B 0 7 41 38 137 0 0 40 141 
B 1 7 6 5 34 0 1 6 193 
B 2 7 0 0 0 0 0 0 0 
m 6 13188 1650124 1188278 2272 7553 11209 
D 14 8 114 9 51 14 8 114 22 58
B 0 7 19 19 166 0 0 19 83 
B 1 7 3 1 51 1 0 2 204 
B 2 7 0 0 0 0 0 0 0 
m 6 8456 1274929 853827 1684 4333 5642 
D 15 8 114 8 3 15 8 114 22 53
B 0 7 7 7 98 0 0 7 24 
B 1 7 0 0 30 0 0 0 0 
B 2 7 0 0 0 0 0 0 0 
m 6 4482 749050 488104 919 3475 1898 
D 16 8 114 8 0 16 8 114 22 36
B 0 7 13 13 113 0 0 13 104 
B 1 7 4 1 31 1 0 2 369 
B 2 7 0 0 0 0 0 0 0 
m 6 7236 850622 576170 1111 4385 6021 
D 17 8 114 7 3 17 8 114 23 53
B 0 7 21 21 150 0 0 21 79 
B 1 7 3 2 30 1 0 3 13 
B 2 7 0 0 0 0 0 0 0 
m 6 9481 1190553 804312 1755 5324 5953 
D 18 8 114 7 26 19 8 114 2 24
B 0 7 9 9 110 0 0 9 43 
B 1 7 1 1 46 0 0 1 0 
B 2 7 0 0 0 0 0 0 0 
m 6 5365 740643 469506 908 2821 4814 
D 19 8 114 7 30 20 8 114 0 8
B 0 7 7 7 86 0 0 7 12 
B 1 7 0 0 45 0 0 0 0 
B 2 7 0 0 0 0 0 0 0 
m 6 4189 585663 403429 793 2475 1946 
D 20 8 114 12 35 21 8 114 0 17
B 0 7 42 42 159 0 0 42 191 
B 1 7 6 2 35 2 0 4 385 
B 2 7 1 0 0 0 0 1 511 
m 6 14967 2124044 1582825 3126 9298 10643 
D 21 8 114 10 28 21 8 114 23 49
B 0 7 73 72 232 0 0 72 342 
B 1 7 10 7 32 3 0 10 24 
B 2 7 1 0 0 1 0 0 10049 
m 6 24476 2762594 2005094 4042 15713 24381 
D 22 8 114 7 45 22 8 114 23 10
B 0 7 26 25 118 0 0 26 93 
B 1 7 4 1 23 3 0 4 36 
B 2 7 0 0 0 0 0 0 0 
m 6 9914 1114971 833042 1634 4530 9761 
D 23 8 114 7 11 23 8 114 21 48
B 0 7 5 5 72 0 0 5 41 
B 1 7 1 1 19 0 0 1 0 
B 2 7 0 0 0 0 0 0 0 
m 6 4137 563667 364661 791 1575 4161 
D 24 8 114 7 0 24 8 114 23 2
B 0 7 12 12 146 0 0 12 16 
B 1 7 0 0 30 0 0 0 0 
B 2 7 0 0 0 0 0 0 0 
m 6 6773 1079429 728459 1612 3416 2710 
D 25 8 114 7 12 25 8 114 23 3
B 0 7 29 29 151 0 0 29 128 
B 1 7 4 4 21 0 0 4 0 
B 2 7 0 0 0 0 0 0 0 
m 6 11667 1354722 979887 1876 5238 14687 
D 26 8 114 7 40 27 8 114 0 40
B 0 7 57 57 182 0 0 57 245 
B 1 7 11 8 23 3 0 11 29 
B 2 7 1 0 0 1 0 1 6572 
m 6 20979 2205091 1540214 1986 12074 23878 
D 27 8 114 9 32 28 8 114 0 11
B 0 7 80 79 255 0 0 80 210 
B 1 7 13 12 30 1 0 13 34 
B 2 7 1 0 0 1 0 1 12128 
m 6 26548 1985895 1510554 3240 10037 34468 
D 28 8 114 10 22 28 8 114 23 51
B 0 7 36 36 231 0 0 36 115 
B 1 7 4 4 38 0 0 4 31 
B 2 7 1 0 0 1 0 1 2598 
m 6 17006 1938844 1333260 2900 7519 21104 
D 29 8 114 8 32 29 8 114 23 6
B 0 7 22 22 132 0 0 22 40 
B 1 7 5 3 26 1 0 4 198 
B 2 7 0 0 0 0 0 0 0 
m 6 11088 1217570 837160 1816 4455 11391 
D 30 8 114 14 53 30 8 114 23 1
B 0 7 2 2 57 0 0 2 17 
B 1 7 0 0 20 0 0 0 0 
B 2 7 0 0 0 0 0 0 0 
m 6 3098 434851 268929 590 1246 3204 
D 1 9 114 7 19 1 9 114 23 44
B 0 7 17 17 114 0 0 17 44 
B 1 7 1 1 22 0 0 1 0 
B 2 7 0 0 0 0 0 0 0 
m 6 9048 1023935 686279 1501 4084 8891 
D 2 9 114 7 27 2 9 114 22 50
B 0 7 18 18 153 0 0 18 44 
B 1 7 3 2 21 1 0 3 5 
B 2 7 0 0 0 0 0 0 0 
m 6 10252 1207220 869348 1979 8207 3490 
D 3 9 114 7 27 3 9 114 21 58
B 0 7 4 4 26 0 0 4 5 
B 1 7 0 0 8 0 0 0 0 
B 2 7 0 0 0 0 0 0 0 
m 6 2096 135907 87919 124 852 2656 
D 4 9 114 10 51 4 9 114 23 57
B 0 7 40 40 163 0 0 40 114 
B 1 7 6 6 21 0 0 6 17 
B 2 7 1 0 0 1 0 1 1055 
m 6 15508 669421 373095 1543 3554 25507 
D 5 9 114 10 14 5 9 114 23 45
B 0 7 24 24 139 0 0 24 76 
B 1 7 1 1 20 0 0 1 0 
B 2 7 0 0 0 0 0 0 0 
m 6 10882 1500860 939648 2507 7602 8973 
D 6 9 114 7 17 6 9 114 22 17
B 0 7 17 16 147 0 0 17 40 
B 1 7 3 3 23 0 0 3 5 
B 2 7 0 0 0 0 0 0 0 
m 6 10036 1343121 911526 2141 4199 8760 
D 7 9 114 6 35 7 9 114 23 7
B 0 7 40 39 127 0 0 39 249 
B 1 7 12 3 14 3 3 9 1148 
B 2 7 0 0 0 0 0 0 0 
m 6 13634 1140941 767287 1684 6330 19713 
D 8 9 114 7 26 8 9 114 23 10
B 0 7 12 12 142 0 0 12 46 
B 1 7 0 0 19 0 0 0 0 
B 2 7 0 0 0 0 0 0 0 
m 6 7745 1175366 700783 1669 4061 4932 
D 9 9 114 7 12 9 9 114 23 9
B 0 7 18 18 134 0 0 18 91 
B 1 7 1 1 24 0 0 1 8 
B 2 7 0 0 0 0 0 0 0 
m 6 10240 1647129 1061680 2326 5914 10266 
D 10 9 114 7 23 10 9 114 23 15
B 0 7 44 43 183 0 0 43 291 
B 1 7 6 1 37 3 0 4 387 
B 2 7 1 0 0 1 0 1 1261 
m 6 15664 2195118 1600004 3459 10149 14999 
D 11 9 114 7 30 11 9 114 22 27
B 0 7 46 45 154 0 0 46 326 
B 1 7 9 5 19 2 0 7 393 
B 2 7 1 0 0 1 0 1 1857 
m 6 16261 1503922 993107 2173 5717 25532 
D 12 9 114 9 40 12 9 114 23 32
B 0 7 75 73 224 0 0 75 323 
B 1 7 13 12 28 0 0 12 274 
B 2 7 1 0 0 1 0 1 11855 
m 6 26299 2066849 1430628 3210 12313 37972 
D 13 9 114 6 55 13 9 114 22 43
B 0 7 37 37 155 0 0 37 198 
B 1 7 6 3 16 1 0 5 77 
B 2 7 1 0 0 1 0 1 1344 
m 6 15777 1341595 923424 1992 6423 20533 
D 14 9 114 6 28 14 9 114 22 20
B 0 7 39 39 146 0 0 39 205 
B 1 7 6 6 13 0 0 6 37 
B 2 7 1 0 0 1 0 1 953 
m 6 15361 1284245 872280 1799 4230 23215 
D 15 9 114 6 24 15 9 114 22 35
B 0 7 21 20 135 0 0 20 100 
B 1 7 3 2 20 0 1 3 198 
B 2 7 0 0 0 0 0 0 0 
m 6 10648 1259552 847865 1918 5688 9441 
D 16 9 114 6 31 16 9 114 22 43
B 0 7 45 44 161 0 0 45 186 
B 1 7 7 7 20 0 0 7 37 
B 2 7 1 0 0 1 0 1 1467 
m 6 15891 1559968 1118607 2341 7471 18162 
D 17 9 114 6 35 17 9 114 23 18
B 0 7 47 45 161 0 0 46 315 
B 1 7 5 4 18 1 0 5 33 
B 2 7 1 0 0 1 0 1 2574 
m 6 16974 1709985 1187028 1008 8424 23414 
D 18 9 114 8 43 19 9 114 0 17
B 0 7 35 35 289 0 0 35 153 
B 1 7 6 6 36 0 0 6 24 
B 2 7 1 0 0 1 0 1 4709 
m 6 19122 3011074 1995818 4454 13240 10664 
D 19 9 114 9 16 19 9 114 23 27
B 0 7 67 66 257 0 0 66 422 
B 1 7 11 7 35 4 0 11 45 
B 2 7 1 0 0 1 0 1 10618 
m 6 25048 2382860 1633363 3190 11327 40825 
D 20 9 114 8 5 20 9 114 22 48
B 0 7 36 36 217 0 0 36 164 
B 1 7 6 5 36 0 1 6 55 
B 2 7 2 0 0 1 0 1 3132 
m 6 17546 1831112 1240885 2730 8246 23690 
D 21 9 114 7 14 21 9 114 23 55
B 0 7 34 34 137 0 0 34 131 
B 1 7 3 2 26 1 0 3 16 
B 2 7 0 0 0 0 0 0 0 
m 6 11877 1043380 716909 1480 4457 18943 
D 22 9 114 14 15 22 9 114 23 35
B 0 7 22 22 97 0 0 22 93 
B 1 7 2 1 19 1 0 2 25 
B 2 7 0 0 0 0 0 0 0 
m 6 8327 1242951 792442 1727 4294 8781 
D 23 9 114 17 8 23 9 114 22 21
B 0 7 11 11 60 0 0 11 76 
B 1 7 0 0 17 0 0 0 0 
B 2 7 0 0 0 0 0 0 0 
m 6 4584 767487 462664 1142 2561 3984 
D 24 9 114 12 13 24 9 114 23 28
B 0 7 46 46 169 0 0 46 223 
B 1 7 9 1 24 5 1 8 402 
B 2 7 1 0 0 1 0 1 3793 
m 6 18247 1732970 1156948 1863 8440 30238 
D 25 9 114 12 45 26 9 114 0 4
B 0 7 41 40 170 0 0 41 148 
B 1 7 5 4 30 1 0 5 8 
B 2 7 1 0 0 1 0 1 1122 
m 6 15542 1286847 834712 1797 6719 23329 
D 26 9 114 9 22 26 9 114 23 0
B 0 7 89 89 225 0 0 89 333 
B 1 7 17 13 18 4 0 17 95 
B 2 7 1 0 0 1 0 1 13483 
m 6 27896 1377579 915654 1793 7073 55664 
D 27 9 114 7 24 27 9 114 22 58
B 0 7 40 39 184 0 0 39 230 
B 1 7 5 3 31 2 0 5 10 
B 2 7 1 0 0 1 0 1 2094 
m 6 16495 2147558 1433795 2896 8982 23616 
D 28 9 114 10 9 28 9 114 22 53
B 0 7 28 28 230 0 0 28 161 
B 1 7 5 1 30 4 0 5 14 
B 2 7 1 0 0 1 0 1 1820 
m 6 16226 2563447 1770553 2875 11981 9341 
D 29 9 114 9 29 29 9 114 23 49
B 0 7 34 33 172 0 0 33 232 
B 1 7 3 0 34 3 0 3 36 
B 2 7 0 0 0 0 0 0 0 
m 6 14047 1322981 848905 1736 5319 21978 
D 30 9 114 8 46 30 9 114 23 24
B 0 7 33 29 238 0 0 30 347 
B 1 7 4 0 39 4 0 4 40 
B 2 7 1 0 0 1 0 1 1314 
m 6 15728 1702783 1140756 2047 5583 25313 
D 31 9 114 6 44 31 9 114 22 25
B 0 7 22 19 148 1 0 20 175 
B 1 7 4 2 35 1 0 3 228 
B 2 7 0 0 0 0 0 0 0 
m 6 10531 1296083 888134 581 4427 16313 
D 1 10 114 11 24 1 10 114 23 30
B 0 7 10 10 151 0 0 10 39 
B 1 7 2 2 37 0 0 2 7 
B 2 7 0 0 0 0 0 0 0 
m 6 8396 1087096 643916 1482 3522 7888 
D 2 10 114 10 11 2 10 114 21 49
B 0 7 32 32 174 0 0 32 149 
B 1 7 4 4 44 0 0 4 55 
B 2 7 1 0 0 1 0 1 201 
m 6 14620 1452064 1022590 2003 5786 20701 
D 3 10 114 9 35 3 10 114 23 3
B 0 7 23 22 174 0 0 22 157 
B 1 7 5 1 25 4 0 5 31 
B 2 7 0 0 0 0 0 0 0 
m 6 12251 1630918 1082775 2247 7250 14752 
D 4 10 114 12 49 4 10 114 23 7
B 0 7 10 9 124 0 0 9 87 
B 1 7 1 1 18 0 0 1 23 
B 2 7 0 0 0 0 0 0 0 
m 6 7177 1038433 627145 1457 3075 10074 
D 5 10 114 13 59 5 10 114 23 50
B 0 7 17 17 91 0 0 17 83 
B 1 7 1 1 14 0 0 1 8 
B 2 7 0 0 0 0 0 0 0 
m 6 7137 1011382 647247 1544 3902 9679 
D 6 10 114 10 18 6 10 114 23 19
B 0 7 24 23 176 0 0 24 99 
B 1 7 1 0 40 1 0 1 8 
B 2 7 0 0 0 0 0 0 0 
m 6 12883 2058798 1448795 3037 9091 7159 
D 7 10 114 12 6 7 10 114 22 18
B 0 7 14 13 110 1 0 14 151 
B 1 7 0 0 30 0 0 0 0 
B 2 7 0 0 0 0 0 0 0 
m 6 7779 1465174 919578 2011 5253 5686 
